bokrm> python bokrmgnostic.py -b g -t object --calcsky bokrm2014skyg.fits
20131223   18    11467.8    10154.8    12973.2
20140114   52     9094.9     1438.8    33056.0
20140118   49    12444.4    10214.4    15510.0
20140120   48     7421.3     6527.8    11623.3
20140121   24     6160.6     5726.2     6610.8
20140123   36     3627.7     3237.0     4690.2
20140126   12     1182.3     1166.2     1204.8
20140128   60      840.2      790.5      954.5
20140213   72    11142.2     3653.0    16318.3
20140217   12    14235.4    11391.4    22335.3
20140218   72     9714.6     8175.0    12010.8
20140312   84     4507.7      827.4     7723.0
20140314   87     9865.7     1173.2    14361.2
20140318   48    19445.8    16429.8    27915.0
20140413   72    12328.4     7738.5    14023.6
20140415   48     4155.9      844.0    21519.0
20140417   84    12892.1    12091.6    15141.8
20140424   72      919.3      750.5     1420.4
20140426   12      949.9      856.3     1072.0
20140427   36      760.8      712.2      943.9
20140512   72    11956.5     4980.1    12865.1
20140513   72    17969.2    16978.2    19630.0
20140516   72    17705.1    14251.1    24318.7
20140517   48     7704.9      954.9    23191.5
20140518   50     2161.9      749.7     5598.3
20140609   86     6147.1      789.0     8547.7
20140610   81     9747.5     1194.8    11964.1
20140611   15    12447.0    12160.1    12829.0
20140630   36      971.3      820.3     1099.0
20140702   36      852.1      762.8      965.3
20140718   36     1382.4      837.8     3411.9
bokrm> python bokrmgnostic.py -b i -t object --calcsky bokrm2014skyi.fits
20140115   49     6866.3     6160.3     7415.6
20140116   36     6668.9     5639.0     8004.6
20140117   52     7401.0     6154.2     7989.7
20140121   24     4721.2     4225.9     5537.7
20140123   12     2592.5     2426.8     2868.5
20140126   36     2684.2     2021.5     3188.5
20140129   72     3064.9     2534.9     3599.9
20140214   72     6714.3     5466.9     8324.6
20140215   72    12495.1     7730.1    29443.0
20140219   72    12213.8     4989.5    63801.1
20140313   84     6227.0     3746.0    51326.8
20140315   96     7829.2     7025.3     9363.8
20140316   84     9877.1     8545.4    13566.8
20140317   70     7844.6     6648.7    10019.8
20140319   12    50527.0     9497.2    64462.4
20140414   72     9281.2     8684.9     9756.1
20140415   24    10640.8     9441.5    11587.4
20140416   80     7277.8     6606.1     8498.5
20140425   72     2892.7     2472.8     3426.3
20140428   36     3213.5     3022.7     3527.6
20140514   72    12473.7    10985.3    15621.2
20140515   72    12658.9    11509.9    14596.6
20140518   72     8155.4     3803.6    19069.9
20140611   60     6909.4     5344.8     8997.5
20140612   37    32807.7     7637.4    64682.5
20140613   83    10600.5     8029.0    14070.1
20140701   36     3279.9     2629.9     4313.7
20140717   36     3442.0     2306.1     6734.0
