20131223   g   18    11477.9    10163.3    12983.8
20140114   g   52     9102.8     1439.8    33084.8
20140115   i   49     6871.4     6165.1     7421.3
20140116   i   36     6674.0     5644.0     8010.0
20140117   i   52     7406.6     6158.2     7996.0
20140118   g   49    12455.2    10223.5    15524.1
20140120   g   48     7427.9     6533.3    11634.1
20140121   g   24     6165.9     5730.8     6616.3
20140121   i   24     4724.9     4229.0     5540.9
20140123   g   36     3630.9     3240.5     4694.2
20140123   i   12     2594.5     2428.4     2870.1
20140126   g   12     1183.4     1167.3     1206.2
20140126   i   36     2686.1     2023.1     3190.5
20140128   g   60      840.9      790.7      955.5
20140129   i   72     3067.4     2536.7     3602.3
20140213   g   72    11151.8     3656.6    16331.9
20140214   i   72     6719.4     5470.6     8330.5
20140215   i   72    12504.4     7736.9    29460.7
20140217   g   12    14247.5    11401.6    22354.2
20140218   g   72     9723.1     8182.4    12020.5
20140219   i   72    12223.0     4992.6    63847.8
20140312   g   84     4511.7      827.9     7729.5
20140313   i   84     6231.6     3748.7    51363.9
20140314   g   94     9835.1     1174.4    14374.1
20140315   i   96     7835.1     7031.1     9371.1
20140316   i   84     9884.6     8551.3    13575.5
20140317   i   72     7827.4     6654.0    10026.5
20140318   g   49    19529.1    16443.2    27938.4
20140319   i   12    50543.5     9504.5    64462.5
20140413   g   72    12339.1     7744.9    14036.1
20140414   i   72     9288.3     8691.4     9763.0
20140415   g   48     4159.4      845.2    21539.0
20140415   i   24    10648.8     9449.1    11597.2
20140416   i   80     7283.3     6610.4     8503.9
20140417   g   84    12903.2    12100.2    15154.7
20140424   g   72      920.1      750.9     1422.0
20140425   i   72     2894.9     2474.5     3429.3
20140426   g   12      950.6      856.6     1073.0
20140427   g   36      761.4      712.7      944.5
20140428   i   36     3215.8     3025.1     3530.2
20140512   g   72    11966.9     4984.1    12875.5
20140513   g   72    17984.8    16993.5    19647.1
20140514   i   72    12483.2    10992.5    15633.9
20140515   i   72    12668.6    11518.7    14607.5
20140516   g   72    17720.6    14262.6    24338.4
20140517   g   48     7711.5      955.5    23210.9
20140518   g   50     2163.8      750.0     5603.4
20140518   i   72     8161.7     3806.5    19086.2
20140609   g   87     6092.9      789.7     8556.2
20140610   g   81     9756.0     1196.1    11975.2
20140611   g   15    12457.7    12169.4    12840.4
20140611   i   60     6914.7     5349.4     9003.9
20140612   i   37    32816.4     7643.6    64682.4
20140613   i   83    10608.6     8035.8    14079.6
20140630   g   36      972.2      821.1     1099.5
20140701   i   36     3282.1     2631.2     4316.6
20140702   g   36      852.9      763.2      966.1
20140717   i   36     3444.8     2308.3     6742.2
20140718   g   36     1383.6      839.1     3415.2
20150109   g   44    12809.3     9461.5    35168.3
20150110   g   64     7943.8     6214.2    38370.8
20150204   g  118    14553.8     9947.7    22626.6
20150205   i   84     6674.7     5272.8    31894.8
20150209   g   65     5778.4     4928.1     7298.2
20150210   i   36     4555.8     4169.2     4871.3
20150306   g  126    15218.9    12014.0    20291.0
20150307   i  108     8093.7     7580.2    10246.3
20150404   g   59    17912.1      633.6    64408.0
20150404   i   72    22736.2    13638.1    41063.0
20150405   g  117    20034.6    11925.1    64165.1
20150405   i   37     7465.5     7079.4     8159.2
20150506   i   84    10728.8      391.3    64128.1
20150507   g   40     4189.2      120.5     8180.2
20150508   i   70     5649.3     4777.5     7290.8
20150528   g   59     3549.6      819.7     5278.1
20150528   i   39     4337.1     2921.5     5022.6
20150529   g   20     6891.9     6751.1     7052.0
20150529   i   72     4740.6     4286.2     5492.9
20150708   g   37      788.3       26.1     1072.6
20150708   i   12     3543.8     3296.9     3788.5
20150709   g    1       25.6       25.6       25.6
20150709   i   13     3631.5     3285.5     4411.9
20160130   g   54     4122.3     3403.5     5728.1
20160130   i   36     2410.2     2193.1     2747.6
20160217   g   18     1450.0     1358.8     1532.0
20160304   g    7     3177.9     2529.7     3776.7
20160320   g   60     8993.3       36.4    64345.8
20160320   i   36     5100.8     4660.7     6114.0
20160402   g   14     4501.9     2213.7    22379.7
20160403   g    8     4155.1     1757.0    14504.8
20160416   g   19     5250.6      681.1    31272.3
20160501   g   18     2514.9     1407.0     3526.4
20160514   g   18     6682.8     6097.6     8126.2
20160515   i   21     5931.3     4575.2     7101.8
20160527   g   18     7022.4     4467.0     8862.7
20160612   g   22     4505.0     2517.7    19708.1
20160709   g   12     1365.1     1281.7     1444.9
20160709   i   18     4104.1     3651.5     4838.5
20160710   g    7     1459.4     1334.3     1796.6
